    111
  11111
    111
    111
    111
    111
    111
    111
    111
  1111111

   22222
 222   222
222     222
      222
     222
   222
 222
222
222
22222222222

  333333
333    333
3        33
        333
     333 
     3333
       333
3        33
333    333
   3333

  44    44
 44     44
44      44
44      44
44      44
44444444444
        44
        44
        44
        44

 5555555555
55
55
55
  555555
       555
        555
         55
555   555
   5555

    666
  666
 66
66
66   666
6666   666
666     666
666     666
 666   666
   6666

77777777777
77      777
        77
       77        
      77        
     77
    77
   77        
  77        
 77

   8888
 88    88 
88      88
 88    88
  888888
 88    88
88      88
88      88
 88    88
   8888

   8888
 88    88 
88      88
 88    888
   888 88
      88
     99
    99
   99
  99

    000
 000   000
00       00
00       00
00       00
00       00
00       00
00       00
00       00
 000   000
    000




     &
    &&

     &
    &&